list(AX_inc = c("MBP", "RYR2", "ANLN", "INTU", "UST", "ALCAM", 
"SEMA3E", "BNC2", "HTR2A", "LOC115496253", "PCDH7", "FGD6", "IGF1", 
"HECTD2", "LOC100221095", "LOC105759314", "NKD1", "SYNE1", "ANO4", 
"GMEB1", "KITLG", "SNX13", "GRIN2A", "SLC22A16", "FLRT2", "ST18", 
"LOC100190237", "LOC115495541", "LOC100218173", "PLP1", "SPHKAP", 
"CFTR", "CDH19", "APOH", "TMCC3", "LOC105759325", "VIT", "LOC115496250", 
"KCNK17", "MON2", "TLCD4", "PPP1R9A", "LOC100223925", "SCRG1", 
"SLC27A6", "LOC115493916", "LAMA1", "NINJ2", "GATAD1", "ADAM22", 
"PEX5L", "LOC115495540", "FSTL5", "DESI2", "PIP5K1B", "TENM2", 
"CADPS2", "CRABP1", "CLMN", "SLC16A7", "JAK2", "DOK7", "NR3C2", 
"ANO3", "CHRNA3", "DGKB", "ACSS1", "ANTXRL", "VWDE", "PTPN3", 
"CACNA2D3", "PANK3", "ROBO2", "LOC100227890", "TRPC4", "GPRC5B", 
"MME", "KCNK2", "REEP3", "UGT8", "CNTN5", "POU4F3", "PLCL1", 
"GPR62", "SYNJ1", "NIPAL2", "AHNAK2", "TTC39A", "LOC115496369", 
"MTR", "DST", "CDK6", "ESYT2", "NRCAM", "NT5DC3", "CFH", "EDARADD", 
"DSE", "LRRTM3", "RCAN2", "LOC115495539", "PCMTD1", "DBF4", "KCNIP1", 
"KDM1B", "MGAT5", "TXLNG", "STON2", "GGACT", "DNAJC15", "PANX2", 
"SLC6A6", "AMMECR1", "PDE7B", "DNAJC10", "CAP2", "NIBAN1", "CNIH3", 
"NKX6-2", "THSD7A", "MAPK13", "SYT14", "EIF4E3", "DGKH", "LMTK2", 
"EPCAM", "EPHA6", "MGAT4A", "LOC115490732", "HTT", "LOC100223611", 
"LGR5", "C6H10orf90", "LOC100224101", "PPP4R4", "USP34", "C2H8orf34", 
"SMIM32", "SV2B", "DRD1", "EMCN", "CUL5", "KCTD12", "SYCP1", 
"GAB1", "TIAM2", "NSMF", "CDKN2C", "GNAL", "LOC100219656", "IDNK", 
"MAPK6", "FYCO1", "ASPH", "IVNS1ABP", "JPH1", "RASSF6", "FSTL4", 
"LOC115496975", "PDIA5", "NRP1", "TLE4", "PRSS35", "CNKSR3", 
"ERO1B", "RARB", "LOC115497395", "GUCY1A2", "ATP1A1", "RBFOX1", 
"FLRT3", "SNTG1", "FXYD2", "LOC100226153", "LOC115494013", "STARD5", 
"GREM1", "SEL1L", "AQR", "ENPP2", "DAB1", "LOC115494731", "SORBS2", 
"SF3B1", "CREB5", "AFF3", "RWDD3", "VEGFA", "LOC105758983", "BFAR", 
"TMEM245", "LOC105758737", "RPS6KA3", "TMC7", "RHOU", "NSMAF", 
"RBMS1", "GDNF", "LOC115498012", "EPB41L4B", "KCNT2", "DAPK1", 
"SLC7A11", "SPAG9", "FAM135B", "PTPN5", "TSPAN2", "SHLD3", "LPAR1", 
"HEBP2", "PDE8B", "KIAA0232", "FAM13B", "GDF10", "UBLCP1", "LOC100218614", 
"KCNG3", "LOC115497131", "NDNF", "LOC115494706", "DPF3", "PLEKHA5", 
"CCDC18", "SIK1", "CIB2", "ITGAV", "SLMAP", "TWF1", "HSP90B1", 
"TRRAP", "POLK", "KCNN2", "DCBLD2", "SLCO5A1", "TMPRSS9", "PEX2", 
"ROCK1", "FAM214A", "LOC115497418", "CERK", "RBMS3", "SECISBP2L", 
"ONECUT2", "ARID4A", "KBTBD12", "LOC105759140", "DAAM2", "ITGB1", 
"MTM1", "NEBL", "CNP", "GJA1", "TTC7B", "LOC115496398", "MDFIC2", 
"ADARB2", "CNST", "KPNA5", "MICU2", "SCAF11", "RMND5A", "LRCH1", 
"SOX6", "LOC115496969", "LOC100190710", "USP15", "DGCR8", "PVALB", 
"GUCD1", "PHRF1", "GPD1", "TMEM267", "VCAM1", "ATP2A2", "FGD4", 
"PCMTD2", "SEL1L3", "RDH10", "SLC12A2", "GPR12", "PIK3C2A", "KCNG2", 
"MEI4", "FNDC9", "EPHA10", "NAA35", "GFRA3", "ERBIN", "BRS3", 
"GXYLT2", "THSD7B", "FMN1", "XYLT1", "LRRC8B", "TBK1", "FRRS1L", 
"ARHGAP5", "LOC115496987", "EFCAB14", "MYRF", "IFNGR1", "MFAP3L", 
"AK7", "BTAF1", "PPP1CB", "LOC115492035", "PPP2R3B", "ABHD3", 
"IL16", "MAP3K20", "LOC100228865", "SLC44A5", "CALM1", "WAPL", 
"XIAP", "RNF144B", "LIG4", "SOCS6", "STN1", "MTMR10", "LOC115493848", 
"GABRA1", "ABCB1", "IPO8", "LRRC75B", "NCOA3", "PPARGC1A", "CASK", 
"STAG2", "STK24", "TNIP2", "KIAA1211", "LOC100224567", "NAMPT", 
"WDR36", "MCUB", "EPAS1", "TSPAN4", "FDX1", "CCDC66", "MTREX", 
"ONECUT1", "SATB2", "LOC115496374", "KCNA1", "NCOA7", "TMTC3", 
"ACSL6", "MINDY2", "PCGF5", "MPPE1", "GPR63", "TRPC7", "TRAF3", 
"IMPAD1", "KBTBD3", "NBEAL1", "PAIP1", "STK26", "CHN2", "ST3GAL5", 
"TXNRD2", "GJB1", "LIFR", "USP47", "PDE10A", "LOC101234018", 
"CEP83", "NCOA2", "TDRD6"), AX_dec = c("ASIC4", "CD164L2", "HPCAL4", 
"IL34", "SHISA8", "CACNG3", "C1S", "CPN1", "SEMA6B", "TMUB2", 
"RUNDC3A", "EFNA3", "CPNE2", "RTN4RL2", "LOC100225213", "HCRT", 
"BAIAP2", "RHBDL1", "TUBB3", "MFSD13A", "SEPTIN12", "PHF19", 
"LOC100190505", "SLC7A4", "AQP3", "C5H15orf62", "LOC100218848", 
"PCSK9", "IMPDH1", "FCHO1", "PNPLA1", "CARHSP1", "PRKCH", "SNCA", 
"LOC115496619", "ESYT3", "CRTAC1", "COASY", "ID1", "PENK", "ARHGDIB", 
"CCKBR", "PCDH1", "LOC115497908", "MMP9", "CAMK1D", "C4H20orf27", 
"CPNE7", "RGS14", "KCNJ9", "LOC105758886", "DTX1", "SEZ6L", "CSPG5", 
"SHISA9", "PPP1R1B", "CHST1", "LAMP5", "TCEA2", "CARTPT", "SCN2B", 
"SOX21", "PRR18", "SLIT1", "XKRX", "GIT1", "LOC100219675", "SELENOH", 
"YIF1B", "PTPRN", "LOC115492736", "LOC115493252", "DOC2B", "EFHD2", 
"MPND", "CRELD1", "UNC5A", "ARHGDIG", "FAM171A2", "PSD", "TOX3", 
"CAMK1", "DOK4", "JMJD8", "LOC115498559", "RHBDL3", "PLXDC1", 
"CORT", "DDN", "LOC100226342", "PRKCB", "ACTB", "HINT2", "VSTM2L", 
"TMEM243", "HNF4A", "LOC115493349", "ASPHD2", "SNRPB", "LOC100228479", 
"UBTD1", "LOC115494800", "LOC115498332", "RIPPLY2", "SST", "NOB1", 
"NTNG2", "MAP7D1", "B3GAT2", "LOC105760369", "ECE2", "LOC115493308", 
"SF3B4", "GRIN3A", "LOC105759241", "LOC115491181", "DLK2", "ZBTB25", 
"CDO1", "MFGE8", "TRARG1", "PAOX", "ATP2A3", "DDIT3", "IGBP1", 
"PCYOX1L", "CAMK2N2", "CDK2AP2", "PYGO2", "EXOSC1", "FKBP11", 
"P4HTM", "EXOSC6", "LOC115492219", "RAB26", "MCRIP1", "LOC115495051", 
"RNF126", "NDRG4", "EPHB1", "RBM38", "DCTN2", "LOC115495436", 
"WDR6", "KCNJ4", "RPL13", "KLHDC8B", "CACNA1I", "GINS1", "RABAC1", 
"SLC35D3", "TAFA3", "AOC1", "LSM1", "IFI30", "ZNHIT2", "C1QL1", 
"LOC115498431", "RPLP1", "MED27", "LAMB2", "LOC100229557", "KIZ", 
"LOC100229710", "LOC115498553", "YPEL4", "RHOBTB2", "RSAD1", 
"ARF3", "LOC100224265", "LOC100231979", "ADAMTS8", "LOC100219809", 
"CRH", "CCN3", "RNF215", "LOC115496221", "LOC115494068", "SLC35C2", 
"FLAD1", "PRR7", "GFRA2", "TYSND1", "HRH3", "SSTR1", "B4GALT3", 
"PSMB7", "ALDH7A1", "PDE2A", "CHMP1A", "LOC115492014", "SNCB", 
"LOC100229516", "PFN1", "CSDC2", "ANKRD34A", "DTX2", "LOC115490853", 
"LOC115491730", "MRPL10", "NHP2", "B4GALT7", "CUTC", "LOC100227480", 
"WBP1", "RPS6KL1", "RACK1", "RTN1", "NLRX1", "WDR18", "ADAM15", 
"MRPL11", "TCTA", "IRF7", "HCN3", "PLXNA4", "OSGEP", "LOC100231218", 
"RRP9", "CASC3", "LOC100222731", "YRDC", "CARMIL2", "SLC31A2", 
"TIMM10B", "UFC1", "NEURL1", "GNAI2", "SLC43A3", "FUS", "LOC115495250", 
"PRR15", "BARX2", "AVPI1", "PLEKHA1", "ZNRD2", "BOLA1", "TUBG1", 
"TPGS1", "EGR2", "NPTX2", "LOC115498242", "PKIG", "RPSA", "FAAP100", 
"LOC115497212", "DNMT3A", "TMEM151B", "LOC115491630", "RAVER1", 
"LSM10", "CCDC124", "PDXP", "PLCXD3", "SAYSD1", "LOC115491470", 
"NDUFA7", "CSRP1", "LMAN2", "MMP15", "LOC100228474", "HSD17B2", 
"PPIL1", "NME2", "SPRN", "FBL", "FUCA1", "IGSF9B", "LOC115494682", 
"TTC9", "LOC105758620", "SNAI2", "UTP4", "LOC115494550", "PLPP6", 
"TOMM5", "TADA3", "MTX1", "NOTUM", "RAB41", "LOC115491525", "SERPING1", 
"JAGN1", "CUX2", "FAM43B", "EMC4", "IL17D", "YARS1", "PSMA5", 
"LOC100229769", "MRI1", "SLC25A14", "C1QTNF4", "DQX1", "GSG1L", 
"PSMB6", "SCAMP3", "LIMD2", "ARL16", "CAMK1G", "FAM131A", "LOC100229883", 
"PEX16", "MAX", "VIM", "CDC42SE1", "PEBP4", "TNC", "CRIP1", "LOC115492127", 
"TWF2", "RAB24", "CPLX2", "LOC105758863", "TRIM3", "PSMC5", "LOC100224927"
),