list(spec_AX_inc = c("ENSTGUG00000000038", "ENSTGUG00000000057", 
"ENSTGUG00000000061", "ENSTGUG00000000069", "ENSTGUG00000000131", 
"ENSTGUG00000000146", "ENSTGUG00000000154", "ENSTGUG00000000227", 
"ENSTGUG00000000246", "ENSTGUG00000000255", "ENSTGUG00000000261", 
"ENSTGUG00000000275", "ENSTGUG00000000279", "ENSTGUG00000000287", 
"ENSTGUG00000000299", "ENSTGUG00000000301", "ENSTGUG00000000320", 
"ENSTGUG00000000322", "ENSTGUG00000000343", "ENSTGUG00000000418", 
"ENSTGUG00000000559", "ENSTGUG00000000570", "ENSTGUG00000000578", 
"ENSTGUG00000000603", "ENSTGUG00000000606", "ENSTGUG00000000631", 
"ENSTGUG00000000656", "ENSTGUG00000000658", "ENSTGUG00000000746", 
"ENSTGUG00000000777", "ENSTGUG00000000842", "ENSTGUG00000000848", 
"ENSTGUG00000000937", "ENSTGUG00000001014", "ENSTGUG00000001022", 
"ENSTGUG00000001031", "ENSTGUG00000001033", "ENSTGUG00000001052", 
"ENSTGUG00000001172", "ENSTGUG00000001274", "ENSTGUG00000001304", 
"ENSTGUG00000001305", "ENSTGUG00000001307", "ENSTGUG00000001344", 
"ENSTGUG00000001396", "ENSTGUG00000001399", "ENSTGUG00000001416", 
"ENSTGUG00000001456", "ENSTGUG00000001457", "ENSTGUG00000001461", 
"ENSTGUG00000001495", "ENSTGUG00000001509", "ENSTGUG00000001551", 
"ENSTGUG00000001611", "ENSTGUG00000001624", "ENSTGUG00000001821", 
"ENSTGUG00000001840", "ENSTGUG00000001927", "ENSTGUG00000001954", 
"ENSTGUG00000002036", "ENSTGUG00000002049", "ENSTGUG00000002067", 
"ENSTGUG00000002068", "ENSTGUG00000002078", "ENSTGUG00000002096", 
"ENSTGUG00000002277", "ENSTGUG00000002371", "ENSTGUG00000002400", 
"ENSTGUG00000002440", "ENSTGUG00000002478", "ENSTGUG00000002482", 
"ENSTGUG00000002487", "ENSTGUG00000002566", "ENSTGUG00000002568", 
"ENSTGUG00000002577", "ENSTGUG00000002613", "ENSTGUG00000002689", 
"ENSTGUG00000002717", "ENSTGUG00000002736", "ENSTGUG00000002850", 
"ENSTGUG00000002861", "ENSTGUG00000002866", "ENSTGUG00000002899", 
"ENSTGUG00000002930", "ENSTGUG00000002948", "ENSTGUG00000002959", 
"ENSTGUG00000002970", "ENSTGUG00000003059", "ENSTGUG00000003098", 
"ENSTGUG00000003106", "ENSTGUG00000003111", "ENSTGUG00000003178", 
"ENSTGUG00000003232", "ENSTGUG00000003260", "ENSTGUG00000003279", 
"ENSTGUG00000003291", "ENSTGUG00000003307", "ENSTGUG00000003323", 
"ENSTGUG00000003374", "ENSTGUG00000003398", "ENSTGUG00000003452", 
"ENSTGUG00000003506", "ENSTGUG00000003525", "ENSTGUG00000003592", 
"ENSTGUG00000003595", "ENSTGUG00000003682", "ENSTGUG00000003698", 
"ENSTGUG00000003726", "ENSTGUG00000003773", "ENSTGUG00000003776", 
"ENSTGUG00000003797", "ENSTGUG00000003848", "ENSTGUG00000003957", 
"ENSTGUG00000003974", "ENSTGUG00000004045", "ENSTGUG00000004062", 
"ENSTGUG00000004067", "ENSTGUG00000004069", "ENSTGUG00000004072", 
"ENSTGUG00000004082", "ENSTGUG00000004087", "ENSTGUG00000004107", 
"ENSTGUG00000004134", "ENSTGUG00000004137", "ENSTGUG00000004155", 
"ENSTGUG00000004178", "ENSTGUG00000004182", "ENSTGUG00000004186", 
"ENSTGUG00000004213", "ENSTGUG00000004239", "ENSTGUG00000004241", 
"ENSTGUG00000004257", "ENSTGUG00000004281", "ENSTGUG00000004340", 
"ENSTGUG00000004343", "ENSTGUG00000004344", "ENSTGUG00000004352", 
"ENSTGUG00000004366", "ENSTGUG00000004403", "ENSTGUG00000004424", 
"ENSTGUG00000004436", "ENSTGUG00000004485", "ENSTGUG00000004488", 
"ENSTGUG00000004494", "ENSTGUG00000004545", "ENSTGUG00000004562", 
"ENSTGUG00000004656", "ENSTGUG00000004687", "ENSTGUG00000004715", 
"ENSTGUG00000004747", "ENSTGUG00000004763", "ENSTGUG00000004791", 
"ENSTGUG00000004809", "ENSTGUG00000004828", "ENSTGUG00000004845", 
"ENSTGUG00000004907", "ENSTGUG00000004918", "ENSTGUG00000004923", 
"ENSTGUG00000004957", "ENSTGUG00000005015", "ENSTGUG00000005021", 
"ENSTGUG00000005022", "ENSTGUG00000005035", "ENSTGUG00000005048", 
"ENSTGUG00000005049", "ENSTGUG00000005109", "ENSTGUG00000005124", 
"ENSTGUG00000005133", "ENSTGUG00000005150", "ENSTGUG00000005159", 
"ENSTGUG00000005247", "ENSTGUG00000005261", "ENSTGUG00000005304", 
"ENSTGUG00000005353", "ENSTGUG00000005402", "ENSTGUG00000005446", 
"ENSTGUG00000005477", "ENSTGUG00000005487", "ENSTGUG00000005502", 
"ENSTGUG00000005509", "ENSTGUG00000005519", "ENSTGUG00000005552", 
"ENSTGUG00000005592", "ENSTGUG00000005642", "ENSTGUG00000005682", 
"ENSTGUG00000005716", "ENSTGUG00000005723", "ENSTGUG00000005728", 
"ENSTGUG00000005739", "ENSTGUG00000005740", "ENSTGUG00000005764", 
"ENSTGUG00000005766", "ENSTGUG00000005884", "ENSTGUG00000005920", 
"ENSTGUG00000005946", "ENSTGUG00000005956", "ENSTGUG00000005958", 
"ENSTGUG00000006000", "ENSTGUG00000006020", "ENSTGUG00000006021", 
"ENSTGUG00000006044", "ENSTGUG00000006214", "ENSTGUG00000006266", 
"ENSTGUG00000006280", "ENSTGUG00000006288", "ENSTGUG00000006293", 
"ENSTGUG00000006318", "ENSTGUG00000006337", "ENSTGUG00000006339", 
"ENSTGUG00000006393", "ENSTGUG00000006519", "ENSTGUG00000006533", 
"ENSTGUG00000006540", "ENSTGUG00000006546", "ENSTGUG00000006553", 
"ENSTGUG00000006564", "ENSTGUG00000006633", "ENSTGUG00000006638", 
"ENSTGUG00000006651", "ENSTGUG00000006664", "ENSTGUG00000006666", 
"ENSTGUG00000006689", "ENSTGUG00000006789", "ENSTGUG00000006800", 
"ENSTGUG00000006812", "ENSTGUG00000006880", "ENSTGUG00000006923", 
"ENSTGUG00000006955", "ENSTGUG00000006958", "ENSTGUG00000006966", 
"ENSTGUG00000006971", "ENSTGUG00000007008", "ENSTGUG00000007050", 
"ENSTGUG00000007074", "ENSTGUG00000007125", "ENSTGUG00000007127", 
"ENSTGUG00000007136", "ENSTGUG00000007177", "ENSTGUG00000007191", 
"ENSTGUG00000007213", "ENSTGUG00000007243", "ENSTGUG00000007331", 
"ENSTGUG00000007341", "ENSTGUG00000007346", "ENSTGUG00000007380", 
"ENSTGUG00000007416", "ENSTGUG00000007471", "ENSTGUG00000007511", 
"ENSTGUG00000007547", "ENSTGUG00000007637", "ENSTGUG00000007680", 
"ENSTGUG00000007683", "ENSTGUG00000007686", "ENSTGUG00000007877", 
"ENSTGUG00000007885", "ENSTGUG00000007905", "ENSTGUG00000007932", 
"ENSTGUG00000007980", "ENSTGUG00000007989", "ENSTGUG00000007991", 
"ENSTGUG00000008021", "ENSTGUG00000008039", "ENSTGUG00000008042", 
"ENSTGUG00000008074", "ENSTGUG00000008110", "ENSTGUG00000008152", 
"ENSTGUG00000008176", "ENSTGUG00000008225", "ENSTGUG00000008234", 
"ENSTGUG00000008245", "ENSTGUG00000008258", "ENSTGUG00000008276", 
"ENSTGUG00000008287", "ENSTGUG00000008337", "ENSTGUG00000008369", 
"ENSTGUG00000008418", "ENSTGUG00000008436", "ENSTGUG00000008469", 
"ENSTGUG00000008550", "ENSTGUG00000008557", "ENSTGUG00000008581", 
"ENSTGUG00000008604", "ENSTGUG00000008654", "ENSTGUG00000008656", 
"ENSTGUG00000008661", "ENSTGUG00000008790", "ENSTGUG00000008821", 
"ENSTGUG00000008916", "ENSTGUG00000008991", "ENSTGUG00000009008", 
"ENSTGUG00000009013", "ENSTGUG00000009015", "ENSTGUG00000009051", 
"ENSTGUG00000009172", "ENSTGUG00000009176", "ENSTGUG00000009223", 
"ENSTGUG00000009234", "ENSTGUG00000009238", "ENSTGUG00000009264", 
"ENSTGUG00000009306", "ENSTGUG00000009310", "ENSTGUG00000009317", 
"ENSTGUG00000009319", "ENSTGUG00000009388", "ENSTGUG00000009390", 
"ENSTGUG00000009434", "ENSTGUG00000009451", "ENSTGUG00000009466", 
"ENSTGUG00000009478", "ENSTGUG00000009546", "ENSTGUG00000009565", 
"ENSTGUG00000009611", "ENSTGUG00000009639", "ENSTGUG00000009690", 
"ENSTGUG00000009707", "ENSTGUG00000009783", "ENSTGUG00000009784", 
"ENSTGUG00000009798", "ENSTGUG00000009860", "ENSTGUG00000009864", 
"ENSTGUG00000009868", "ENSTGUG00000009895", "ENSTGUG00000009908", 
"ENSTGUG00000009911", "ENSTGUG00000009917", "ENSTGUG00000009935", 
"ENSTGUG00000009943", "ENSTGUG00000009947", "ENSTGUG00000009962", 
"ENSTGUG00000010053", "ENSTGUG00000010073", "ENSTGUG00000010084", 
"ENSTGUG00000010247", "ENSTGUG00000010289", "ENSTGUG00000010310", 
"ENSTGUG00000010365", "ENSTGUG00000010384", "ENSTGUG00000010394", 
"ENSTGUG00000010436", "ENSTGUG00000010468", "ENSTGUG00000010491", 
"ENSTGUG00000010492", "ENSTGUG00000010530", "ENSTGUG00000010533", 
"ENSTGUG00000010602", "ENSTGUG00000010635", "ENSTGUG00000010673", 
"ENSTGUG00000010681", "ENSTGUG00000010711", "ENSTGUG00000010713", 
"ENSTGUG00000010744", "ENSTGUG00000010796", "ENSTGUG00000010798", 
"ENSTGUG00000010805", "ENSTGUG00000010834", "ENSTGUG00000010838", 
